County,Precinct,Race,Party,Index,Baseline,Perdue,Ossoff
APPLING,2,2.69751,3.084946,4.239984,59.375,36.38502,63.61498
APPLING,1B,0.538965,1.642898,1.360414,11.00569,87.63389,12.36611
APPLING,1C,0.037322,1.102278,0.588461,4.722222,94.68932,5.310683
APPLING,3A1,0.032982,1.084414,0.575189,2.380952,97.04386,2.956141
APPLING,3C,2.083393,2.80942,3.488104,17.98064,78.53126,21.46874
APPLING,4B,0.068149,0.589013,0.362655,3.658537,95.97881,4.021192
APPLING,4D,0.332837,1.418175,1.041924,9.557775,89.4003,10.5997
APPLING,5A,0.64707,1.957221,1.625681,11.71717,86.65715,13.34285
APPLING,5B,0.992253,1.818153,1.90133,12.96703,85.13164,14.86836
ATKINSON,1,0.205611,1.645117,1.02817,11.625,87.34683,12.65317
ATKINSON,2,0.001366,0.946566,0.474649,8.2397,91.28565,8.71435
ATKINSON,3,2.195727,3.227703,3.809579,30.51643,65.67399,34.32601
ATKINSON,4,2.338204,3.634521,4.155465,56.231,39.61353,60.38647
BACON,DOUGL,1.322412,1.151849,1.898337,8.305748,89.79592,10.20408
BAKER,A,2.124061,3.099213,3.673667,18.18182,78.14451,21.85549
BAKER,E,2.850823,1.406109,3.553877,52.75591,43.69022,56.30978
BAKER,H,3.500449,1.434068,4.217483,41.30435,54.47817,45.52183
BAKER,M,3.272222,1.588061,4.066252,24.63768,71.29607,28.70393
BAKER,N,3.207256,1.615344,4.014928,35.98015,60.00492,39.99508
BALDWIN,318,1.500169,3.255374,3.127856,23.62385,73.24829,26.75171
BALDWIN,319,2.816534,3.631384,4.632226,38.8518,56.51597,43.48403
BALDWIN,322,2.026988,3.562346,3.808161,24.33862,71.85321,28.14679
BALDWIN,1714,2.557596,3.635309,4.375251,34.47293,61.15181,38.84819
BALDWIN,321E,1.697444,2.040284,2.717586,76.01476,21.26765,78.73235
BALDWIN,321W,2.138281,2.177331,3.226947,70.56856,26.20449,73.79551
BALDWIN,CTY1,1.61612,1.977245,2.604743,73.41463,23.98062,76.01938
BALDWIN,CTY2,1.88446,2.595195,3.182058,65.74074,31.0772,68.9228
BALDWIN,CTY3,1.57942,1.557925,2.358382,74.84277,22.79885,77.20115
BALDWIN,CTY4,1.372072,3.005288,2.874716,52.05479,45.07049,54.92951
BALDWIN,CTY5,1.799946,1.995769,2.79783,70.93496,26.26721,73.73279
BALDWIN,CTY6,2.239857,3.596348,4.038031,45.94872,50.01325,49.98675
BALDWIN,MERI,1.858128,3.558559,3.637407,33.87816,62.48444,37.51556
BALDWIN,MONT,2.769509,3.616916,4.577968,37.38208,58.03996,41.96004
BANKS,1,0,1.752736,0.876368,7.401316,91.72232,8.277684
BANKS,2,0,1.947637,0.973819,13.23944,85.78674,14.21326
BANKS,3,0.200257,0.635679,0.518097,9.004739,90.47716,9.522836
BANKS,4,0.077841,1.023087,0.589385,6.666667,92.74395,7.256052
BANKS,5,0,0.901312,0.450656,4.093567,95.45578,4.544223
BANKS,6,0.278683,1.804826,1.181096,9.577114,89.24179,10.75821
BANKS,7,0,2.032108,1.016054,8,90.98395,9.016054
BANKS,8,0,0.908746,0.454373,6.530612,93.01501,6.984985
BANKS,9,0,1.466506,0.733253,6.188925,93.07782,6.922178
BANKS,10,0,1.225651,0.612825,6.798867,92.58831,7.411692
BANKS,11,0,1.177012,0.588506,6.25,93.16149,6.838506
BANKS,12,0.01458,1.158152,0.593656,8.282209,91.12414,8.875864
BANKS,13,0,0.922952,0.461476,5.776173,93.76235,6.237649
BARROW,1,0.49418,1.752736,1.370548,21.21212,77.41733,22.58267
BARROW,2,0.227708,2.330378,1.392897,13.7189,84.88821,15.11179
BARROW,3,0.173464,2.775409,1.561169,18.95142,79.48741,20.51259
BARROW,4,0.38874,2.894227,1.835854,19.36813,78.79601,21.20399
BARROW,5,1.066063,3.208646,2.670386,23.27007,74.05954,25.94046
BARROW,8,0.569401,2.672154,1.905478,17.58059,80.51393,19.48607
BARROW,13,1.354481,3.410276,3.059619,30.98178,65.95861,34.04139
BARROW,16,1.225635,3.49345,2.972361,31.10999,65.91765,34.08235
BARTOW,1,0.498469,2.640812,1.818875,14.72242,83.45871,16.54129
BARTOW,2,0.158093,3.369849,1.843018,20.69454,77.46244,22.53756
BARTOW,3,1.279825,3.283363,2.921507,28.0303,69.04819,30.95181
BARTOW,4,1.256501,3.071463,2.792232,23.3324,73.87537,26.12463
BARTOW,5,0.900067,2.924264,2.3622,24.44853,73.18927,26.81073
BARTOW,6,0.30602,2.424069,1.518055,16.0678,82.41415,17.58585
BARTOW,7,0.076832,2.853423,1.503544,15.73546,82.76099,17.23901
BARTOW,8,0.673534,2.992513,2.169791,18.25476,79.57545,20.42455
BARTOW,9,0,1.996058,0.998029,11.66253,87.33944,12.66056
BARTOW,10,0.383135,0,0.383135,18.51145,81.10541,18.89459
BARTOW,11,0.922875,0,0.922875,12.94872,86.12841,13.87159
BARTOW,12,0,3.371098,1.685549,21.44623,76.86822,23.13178
BARTOW,14,0,1.222757,0.611379,12.04188,87.34674,12.65326
BARTOW,15,0.020839,2.090171,1.065925,7.940161,90.99391,9.006086
BARTOW,16,1.889922,2.129459,2.954652,11.73709,85.30826,14.69174
BARTOW,17,0.500757,3.583902,2.292707,30.76162,66.94567,33.05433
BARTOW,18,0.409924,2.906207,1.863028,21.40575,76.73122,23.26878
BEN HILL,1,3.426976,3.617162,5.235557,40.37855,54.38589,45.61411
BEN HILL,2,2.451083,3.19285,4.047508,22.57837,73.37412,26.62588
BERRIEN,518,2.139645,2.779573,3.529431,21.36499,75.10558,24.89442
BERRIEN,1144,0.693218,1.980661,1.683549,11.95159,86.36486,13.63514
BERRIEN,1157,1.051275,1.949907,2.026228,12.47726,85.49651,14.50349
BERRIEN,1642,0.4532,1.584137,1.245268,9.541985,89.21275,10.78725
BERRIEN,11062,0.090057,1.163537,0.671826,9.698997,89.62918,10.37082
BIBB,EM1,0,0.373496,0.186748,96.22642,3.586837,96.41316
BIBB,EM2,0,0.730118,0.365059,92.78752,6.847417,93.15258
BIBB,EM3,1.838706,2.168858,2.923135,68.7251,28.35177,71.64823
BIBB,EM4,0,0.523562,0.261781,92.5144,7.223823,92.77618
BIBB,EM5,1.325469,1.72417,2.187554,77.39251,20.41994,79.58006
BIBB,GF1,0.178501,0.63592,0.49646,88.95275,10.55079,89.44921
BIBB,GF2,0.260275,0.586348,0.553449,88.42975,11.0168,88.9832
BIBB,GF3,0.227366,1.060819,0.757775,88.70558,10.53664,89.46336
BIBB,GF4,0.909947,1.378972,1.599433,83.11346,15.28711,84.71289
BIBB,GF5,0.053828,1.642634,0.875145,90.06791,9.056944,90.94306
BIBB,HA1,0.434593,1.378504,1.123846,87.046,11.83015,88.16985
BIBB,HA2,1.929073,3.259637,3.558892,61.25,35.19111,64.80889
BIBB,HA3,1.894826,2.415602,3.102627,71.70856,25.18881,74.81119
BIBB,HA4,2.189624,3.629597,4.004423,39.85545,56.14013,43.85987
BIBB,HO1,1.759416,3.63377,3.576301,31.43713,64.98657,35.01343
BIBB,HO2,1.505847,3.543846,3.27777,32.46463,64.2576,35.7424
BIBB,HO3,1.880923,3.599813,3.68083,44.50458,51.81459,48.18541
BIBB,HO4,2.21497,3.598336,4.014138,47.8125,48.17336,51.82664
BIBB,HO5,2.026034,3.064107,3.558088,63.27684,33.16508,66.83492
BIBB,HO6,1.702579,3.613776,3.509467,42.24537,54.24516,45.75484
BIBB,HO7,1.286436,3.629044,3.100958,31.41083,65.48822,34.51178
BIBB,RU1,1.992258,3.630351,3.807434,45.99136,50.20121,49.79879
BIBB,RU2,1.85131,3.629528,3.666074,40.95595,55.37797,44.62203
BIBB,VV1,1.456665,2.162004,2.537667,65.79457,31.66776,68.33224
BIBB,VV2,1.585092,2.040067,2.605125,71.5415,25.85337,74.14663
BIBB,VV3,0.020083,0.932125,0.486146,90.16189,9.351961,90.64804
BIBB,VV4,0.77726,1.066135,1.310327,84.51113,14.17854,85.82146
BIBB,VV5,1.489058,3.498809,3.238462,43.28859,53.47295,46.52705
BIBB,VV6,1.67527,3.377678,3.364109,51.875,44.76089,55.23911
BIBB,WA1,1.927101,3.635234,3.744718,37.05584,59.19944,40.80056
BIBB,WA2,2.030957,3.635444,3.848679,37.72071,58.43062,41.56938
BLECKLEY,1,2.04012,2.718452,3.399347,17.29437,79.30629,20.69371
BRANTLEY,1,0,1.041794,0.520897,5.336257,94.14285,5.857154
BRANTLEY,2,0.18744,1.419869,0.897374,8.23337,90.86926,9.130744
BRANTLEY,3,0.156321,1.636771,0.974707,8.148148,90.87715,9.122855
BROOKS,659,1.135158,2.400012,2.335164,14.10788,83.55695,16.44305
BROOKS,660,2.100151,3.390596,3.795449,22.75542,73.44913,26.55087
BROOKS,1199,3.618987,3.403695,5.320835,49.33884,45.34032,54.65968
BROOKS,1230,1.770182,3.340535,3.440449,30.76923,65.79032,34.20968
BROOKS,1402,3.404299,3.309117,5.058857,40.47619,54.46495,45.53505
BROOKS,1650,1.269425,2.944919,2.741885,16.59973,80.65838,19.34162
BROOKS,1712,2.078717,2.968198,3.562816,18.30986,78.12733,21.87267
BRYAN,1,1.901818,3.10826,3.455948,31.29123,65.25282,34.74718
BRYAN,2,0.876557,2.514404,2.133759,15.48387,82.38237,17.61763
BRYAN,3,1.122405,2.542833,2.393821,18.36918,79.237,20.763
BRYAN,4,1.456508,3.60154,3.257278,37.1547,59.58803,40.41197
BRYAN,5,1.244399,3.61469,3.051743,37.42089,59.52737,40.47263
BRYAN,6,0.268456,2.656597,1.596754,19.2928,79.11044,20.88956
BRYAN,7,0.571771,3.122572,2.133057,24.22498,73.64196,26.35804
BRYAN,8,0.773673,3.440152,2.493749,31.08808,66.41817,33.58183
BRYAN,9,1.208487,3.583009,2.999991,36.73469,60.26531,39.73469
BRYAN,10,0.66867,3.209757,2.273548,19.50739,78.21906,21.78094
BULLOCH,1,1.410779,3.551298,3.186428,32.91139,63.90218,36.09782
BULLOCH,2,0.916057,2.825812,2.328963,25.94752,71.72352,28.27648
BULLOCH,3,2.21761,3.329292,3.882256,31.57895,64.5388,35.4612
BULLOCH,4,0.763644,2.704876,2.116082,22.14876,75.73516,24.26484
BULLOCH,5,0.427706,2.460258,1.657835,17.24806,81.0941,18.9059
BULLOCH,6,0.32305,2.310476,1.478288,16.54501,81.9767,18.0233
BULLOCH,7,1.114297,2.745603,2.487098,18.47134,79.04156,20.95844
BULLOCH,8,0.565094,2.593981,1.862085,14.28571,83.8522,16.1478
BULLOCH,9,2.09046,3.196588,3.688754,35.02304,61.2882,38.7118
BULLOCH,10,1.232254,3.29404,2.879274,30.5813,66.53943,33.46057
BULLOCH,11,2.699513,3.625991,4.512508,45.14313,50.34437,49.65563
BULLOCH,12,2.029646,2.914217,3.486755,24.93438,71.57886,28.42114
BULLOCH,13,1.445736,3.236279,3.063876,35.12,61.81612,38.18388
BULLOCH,14,2.402128,3.634866,4.219561,45.82225,49.95819,50.04181
BULLOCH,15,1.395046,3.625866,3.207979,63.20225,33.58977,66.41023
BULLOCH,16,0.316379,2.163854,1.398305,16.80672,81.79497,18.20503
BURKE,1,3.879832,2.779112,5.269389,22.07792,72.65269,27.34731
BURKE,2,1.800461,3.633299,3.61711,30.69307,65.68982,34.31018
BURKE,3,3.44174,2.805587,4.844534,40.29851,54.85696,45.14304
BURKE,4,4.183538,2.550954,5.459015,39.60396,54.93702,45.06298
BURKE,5,2.838622,3.346887,4.512065,29.48718,66.00076,33.99924
BURKE,6,4.459548,3.442331,6.180714,22.64151,71.17778,28.82222
BURKE,7,3.069964,2.77347,4.456699,53.33333,42.20997,57.79003
BURKE,8,3.188815,2.698403,4.538017,36,59.46198,40.53802
BURKE,9,3.023301,3.405587,4.726094,36.26943,59.00448,40.99552
BURKE,10,2.278653,2.273853,3.415579,66.66667,29.91775,70.08225
BURKE,11,2.51269,3.095158,4.060269,42.32082,53.61891,46.38109
BURKE,12,3.681416,3.213046,5.287939,32.5,62.21206,37.78794
BURKE,13,3.233676,2.700252,4.583802,42.5,52.9162,47.0838
BURKE,14,3.446577,1.483536,4.188345,58.98058,36.83107,63.16893
BURKE,15,3.43034,3.279744,5.070212,32.37675,62.55304,37.44696
BURKE,16,4.341804,2.285902,5.484755,44.28571,50.22953,49.77047
BUTTS,BCAB,2.049113,2.973466,3.535846,22.60099,73.86316,26.13684
CALHOUN,1,3.993513,2.150792,5.068909,41.74757,53.18352,46.81648
CALHOUN,2,2.927511,2.527784,4.191404,22.09302,73.71557,26.28443
CALHOUN,3,1.894022,0.880776,2.334411,74.80916,22.85643,77.14357
CALHOUN,4,3.17593,2.030877,4.191368,56.17978,39.62886,60.37114
CALHOUN,5,3.455566,0.953034,3.932082,59.1954,36.87252,63.12748
CAMDEN,1,1.410015,3.370493,3.095261,21.18959,75.71515,24.28485
CAMDEN,2,1.723165,3.449801,3.448066,17.78169,78.77024,21.22976
CAMDEN,3,2.205577,3.628875,4.020014,34.54545,61.43453,38.56547
CAMDEN,4,0.173149,2.798228,1.572264,10.22222,88.20551,11.79449
CAMDEN,5,0.234532,3.109062,1.789063,20.58414,77.62679,22.37321
CAMDEN,6,0.860666,2.991365,2.356348,22.93658,74.70707,25.29293
CAMDEN,7,2.229778,3.400734,3.930145,46.00457,50.06529,49.93471
CAMDEN,8,1.395374,3.569223,3.179986,33.6,63.22001,36.77999
CAMDEN,9,1.145812,3.499684,2.895654,30.88608,66.21827,33.78173
CAMDEN,10,1.542899,3.590011,3.337904,38.06706,58.59503,41.40497
CAMDEN,11,1.298854,3.634385,3.116047,36.59193,60.29202,39.70798
CAMDEN,12,0.732748,3.558224,2.51186,28.10384,69.3843,30.6157
CAMDEN,13,0.761731,3.357358,2.44041,27.72809,69.8315,30.1685
CAMDEN,14,0.236374,3.104552,1.78865,21.56863,76.64272,23.35728
CANDLER,CAND,1.97832,2.928376,3.442508,23.1469,73.41059,26.58941
CARROLL,501,1.852758,3.563171,3.634344,36.17963,60.18602,39.81398
CARROLL,640,0.764104,2.411502,1.969855,17.46032,80.56983,19.43017
CARROLL,641,1.240512,3.459053,2.970039,26.16683,70.86313,29.13687
CARROLL,642,2.166922,3.63,3.981922,47.47716,48.54092,51.45908
CARROLL,649,0.710532,2.768501,2.094782,16.36117,81.54405,18.45595
CARROLL,650,1.506161,3.39744,3.204881,33.41667,63.37845,36.62155
CARROLL,682,0.20638,2.396231,1.404496,14.15385,84.44166,15.55834
CARROLL,713,0.382177,2.16635,1.465352,11.50519,87.02946,12.97054
CARROLL,715,0.776978,2.684397,2.119176,21.36895,76.51188,23.48812
CARROLL,1006,0,1.685082,0.842541,8.273381,90.88408,9.115923
CARROLL,1111,1.347697,3.086657,2.891025,23.48754,73.62143,26.37857
CARROLL,1122,1.312322,3.09267,2.858657,24.25482,72.88652,27.11348
CARROLL,1152,0,1.810576,0.905288,9.925926,89.16879,10.83121
CARROLL,1240,0.272914,2.222973,1.384401,14.8771,83.7385,16.2615
CARROLL,1371,0.439355,2.433939,1.656324,16.96035,81.38332,18.61668
CARROLL,1483,0.71713,2.797923,2.116092,18.26241,79.6215,20.3785
CARROLL,1496,1.471724,2.598808,2.771127,20.79208,76.43679,23.56321
CARROLL,1533,0.462841,2.11291,1.519296,13.43805,85.04266,14.95734
CARROLL,1540,0.69936,3.292665,2.345692,24.11296,73.54135,26.45865
CARROLL,1542,0.536293,2.580529,1.826558,14.67991,83.49353,16.50647
CARROLL,714A1,2.046803,3.398661,3.746133,59.14958,37.10428,62.89572
CARROLL,714A2,1.718088,3.624233,3.530205,40.79148,55.67832,44.32168
CARROLL,714A3,1.813867,3.409584,3.518659,39.31464,57.1667,42.8333
CARROLL,714A4,2.444379,3.054768,3.971764,35.09934,60.9289,39.0711
CARROLL,714A5,1.173352,3.480814,2.913759,38.96797,58.11827,41.88173
CARROLL,714A6,1.393124,3.010898,2.898573,31.39013,65.71129,34.28871
CARROLL,714BN,1.792643,3.474076,3.529681,29.66667,66.80365,33.19635
CARROLL,714BW,0.683874,3.046077,2.206912,22.04641,75.74667,24.25333
CATOOSA,BLCK,0,2.088523,1.044262,15.66618,83.28956,16.71044
CATOOSA,BOYN,0,2.326432,1.163216,18.49082,80.34596,19.65404
CATOOSA,CAKT,0,2.052792,1.026396,16.61692,82.35669,17.64331
CATOOSA,CHAM,0,2.15925,1.079625,13.92308,84.9973,15.0027
CATOOSA,FT O,0.073464,2.775985,1.461456,22.30437,76.23417,23.76583
CATOOSA,GRAY,0,2.433135,1.216567,16.77083,82.0126,17.9874
CATOOSA,LAKE,0.06335,2.444522,1.285611,18.97866,79.73573,20.26427
CATOOSA,POPS,0,2.547993,1.273997,16.06872,82.65728,17.34272
CATOOSA,RING,0.00264,2.497839,1.251559,19.83673,78.91171,21.08829
CATOOSA,WEST,0.018214,2.546968,1.291698,20.20587,78.50243,21.49757
CATOOSA,WOOD,0,2.484904,1.242452,13.91174,84.84581,15.15419
CHARLTON,2,3.286495,3.272493,4.922741,46.41256,48.6647,51.3353
CHARLTON,3B,0,1.295096,0.647548,16.66667,82.68579,17.31421
CHARLTON,3S,0,0.833833,0.416916,4.411765,95.17132,4.828681
CHARLTON,4A,0,1.135246,0.567623,6.61157,92.82081,7.179193
CHARLTON,4H,0.502661,1.057189,1.031255,9.295775,89.67297,10.32703
CHARLTON,5F,0.052153,0.912962,0.508634,9.090909,90.40046,9.599543
CHARLTON,5R,0,0.657747,0.328874,11.30435,88.36678,11.63322
CHARLTON,5W,0,1.21727,0.608635,4.301075,95.09029,4.90971
CHATHAM,1-01C,0.054618,2.976527,1.542881,63.06391,35.39321,64.60679
CHATHAM,1-05C,0.280144,2.952189,1.756239,62.34375,35.90001,64.09999
CHATHAM,1-06C,0.354886,3.555038,2.132405,45.73503,52.13257,47.86743
CHATHAM,1-08C,0.936917,3.621133,2.747484,53.18182,44.0707,55.9293
CHATHAM,1-09C,1.477903,3.164608,3.060208,61.43791,35.50188,64.49812
CHATHAM,1-10C,0,3.508253,1.754126,36.2963,61.94958,38.05042
CHATHAM,1-12C,0.031424,3.393344,1.728096,33.57401,64.6979,35.3021
CHATHAM,1-13C,1.275148,3.633649,3.091973,37.30159,59.60644,40.39356
CHATHAM,1-14C,0.909526,3.610308,2.71468,35.34972,61.9356,38.0644
CHATHAM,1-16C,0.796015,3.264234,2.428132,24.29907,73.2728,26.7272
CHATHAM,1-17C,0.163837,3.410701,1.869188,24.27093,73.85988,26.14012
CHATHAM,2-02C,1.110162,2.157155,2.188739,75.73964,22.07162,77.92838
CHATHAM,2-03C,0.446943,1.265829,1.079858,83.83838,15.08176,84.91824
CHATHAM,2-04C,0,0.637713,0.318857,93.4375,6.243643,93.75636
CHATHAM,2-05C,0.136331,0.670051,0.471357,89.59108,9.937565,90.06243
CHATHAM,2-06C,0.654691,2.167142,1.738262,83.45324,14.8085,85.1915
CHATHAM,2-07C,0.294704,1.593446,1.091427,87.6947,11.21387,88.78613
CHATHAM,2-09C,0.277221,1.025019,0.789731,87.88628,11.32399,88.67601
CHATHAM,2-11C,1.139954,1.873491,2.0767,79.69697,18.22633,81.77367
CHATHAM,2-12C,0.280903,0.656254,0.60903,86.75325,12.63772,87.36228
CHATHAM,3-01C,0.066515,3.430314,1.781672,62.72727,35.49106,64.50894
CHATHAM,3-02C,0.338305,3.047814,1.862212,60.61224,37.52554,62.47446
CHATHAM,3-03C,0.531121,1.563394,1.312819,86.40351,12.28367,87.71633
CHATHAM,3-04C,0,0.709245,0.354623,92.99611,6.649269,93.35073
CHATHAM,3-05C,1.114276,2.277283,2.252918,75,22.74708,77.25292
CHATHAM,3-08C,1.251074,2.672285,2.587217,71.98795,25.42483,74.57517
CHATHAM,3-09C,0.57759,3.547328,2.351254,48.32215,49.3266,50.6734
CHATHAM,3-10C,0.324559,1.388888,1.019003,87.71331,11.26769,88.73231
CHATHAM,3-11C,1.108316,1.748361,1.982496,79.93921,18.07829,81.92171
CHATHAM,3-12C,1.424626,3.267564,3.058408,52.74151,44.20008,55.79992
CHATHAM,3-13C,2.142531,3.201687,3.743375,60.56572,35.6909,64.3091
CHATHAM,3-14C,1.590761,1.835372,2.508447,75.03949,22.45206,77.54794
CHATHAM,3-15C,1.918512,3.545749,3.691386,49.80392,46.50469,53.49531
CHATHAM,4-02C,0.597306,3.620358,2.407485,32.77202,64.82049,35.17951
CHATHAM,4-04C,0.100776,3.595773,1.898663,28.23034,69.871,30.129
CHATHAM,4-05C,0.063067,3.609335,1.867734,31.72205,66.41021,33.58979
CHATHAM,4-06C,0.122553,3.549327,1.897216,24.6238,73.47898,26.52102
CHATHAM,4-07C,0.108724,3.619985,1.918716,28.18004,69.90124,30.09876
CHATHAM,4-08C,0,3.300262,1.650131,24,74.34987,25.65013
CHATHAM,4-10C,0.017647,3.617212,1.826253,38.98305,59.1907,40.8093
CHATHAM,4-11C,0,3.635656,1.817828,40.50179,57.68038,42.31962
CHATHAM,4-12C,0,3.381201,1.690601,24.50658,73.80282,26.19718
CHATHAM,4-13C,0,3.424198,1.712099,29.91329,68.37461,31.62539
CHATHAM,4-14C,0,3.598714,1.799357,29.7593,68.44134,31.55866
CHATHAM,4-15C,0,3.451578,1.725789,30.21739,68.05682,31.94318
CHATHAM,5-01C,1.132553,2.568028,2.416567,77.67857,19.90486,80.09514
CHATHAM,5-02C,0,0.706532,0.353266,91.47287,8.173866,91.82613
CHATHAM,5-03C,0,0.307144,0.153572,95.34884,4.497591,95.50241
CHATHAM,5-05C,0,0.143667,0.071834,96.93878,2.989391,97.01061
CHATHAM,5-06C,0.452215,1.095694,1.000062,86.82635,12.17359,87.82641
CHATHAM,5-07C,0.911904,2.818958,2.321383,79.3765,18.30212,81.69788
CHATHAM,5-08C,1.482277,2.542072,2.753313,71.81208,25.43461,74.56539
CHATHAM,5-10C,0,0.407023,0.203511,93.62606,6.170426,93.82957
CHATHAM,5-11C,0.904604,2.464491,2.13685,80.68027,17.18288,82.81712
CHATHAM,6-01C,1.288786,3.050818,2.814195,69.27835,27.90745,72.09255
CHATHAM,6-02C,1.327467,3.623304,3.139119,42.25146,54.60942,45.39058
CHATHAM,6-03C,1.703787,3.107514,3.257544,58.00493,38.73753,61.26247
CHATHAM,6-05C,1.659397,3.223857,3.271325,64.45783,32.27084,67.72916
CHATHAM,6-06C,2.039124,3.632495,3.855372,47.16495,48.97968,51.02032
CHATHAM,6-08C,1.41617,2.596037,2.714189,72.57463,24.71118,75.28882
CHATHAM,6-09C,1.405521,3.44814,3.129591,56.78756,40.08284,59.91716
CHATHAM,6-10C,1.706209,3.484551,3.448485,49.09774,47.45377,52.54623
CHATHAM,6-11C,1.467804,2.629685,2.782646,68.70229,28.51506,71.48494
CHATHAM,7-01C,2.282157,3.629349,4.096832,43.73089,52.17228,47.82772
CHATHAM,7-03C,0.917122,3.213946,2.524095,31.93717,65.53873,34.46127
CHATHAM,7-04C,1.073694,1.931106,2.039247,79.4814,18.47935,81.52065
CHATHAM,7-05C,1.944176,3.482699,3.685525,59.10543,37.20904,62.79096
CHATHAM,7-06C,1.859222,3.586271,3.652358,45.95822,50.38942,49.61058
CHATHAM,7-07C,1.41434,3.555971,3.192326,32.99419,63.81349,36.18651
CHATHAM,7-08C,0.554123,2.876149,1.992198,16.83938,81.16842,18.83158
CHATHAM,7-09C,1.8335,3.366561,3.51678,54.49275,41.99047,58.00953
CHATHAM,7-10C,1.579865,3.028195,3.093962,64.49216,32.41388,67.58612
CHATHAM,7-11C,1.391104,2.842522,2.812365,62.4033,34.78433,65.21567
CHATHAM,7-12C,1.918673,3.035428,3.436387,55.96774,40.59587,59.40413
CHATHAM,7-13C,0.860525,3.633352,2.677201,28.16616,69.15664,30.84336
CHATHAM,7-14C,1.646436,2.849276,3.071074,66.6812,30.24772,69.75228
CHATHAM,7-15C,1.479913,3.021949,2.990887,68.17473,28.83439,71.16561
CHATHAM,7-16C,1.470104,3.632299,3.286253,41.62509,55.08866,44.91134
CHATHAM,8-01C,0.743978,1.709656,1.598806,79.41176,18.98943,81.01057
CHATHAM,8-02C,0.320856,1.612896,1.127304,85.28037,13.59232,86.40768
CHATHAM,8-03C,1.216325,3.632765,3.032707,31.75676,65.21054,34.78946
CHATHAM,8-05C,0,0.411659,0.205829,96.77419,3.019977,96.98002
CHATHAM,8-06C,0,0.293502,0.146751,97.38562,2.467628,97.53237
CHATHAM,8-07C,0,0.906864,0.453432,95.41284,4.133724,95.86628
CHATHAM,8-08C,0,0.146583,0.073292,97.04797,2.878738,97.12126
CHATHAM,8-09C,0,0.103464,0.051732,97.48744,2.460831,97.53917
CHATHAM,8-10C,0,0.033694,0.016847,97.82609,2.157066,97.84293
CHATHAM,8-11C,0,0.055184,0.027592,97.81931,2.153093,97.84691
CHATHAM,8-12C,1.020892,1.77428,1.908032,79.10448,18.98749,81.01251
CHATHAM,8-13C,1.822977,3.250897,3.448425,27.73723,68.81435,31.18565
CHATHAM,8-15C,0,1.021217,0.510608,91.19497,8.294423,91.70558
CHATHAM,8-16C,1.571424,3.502804,3.322826,48.51577,48.1614,51.8386
CHATTAHOOCHEE,1,1.594722,3.419766,3.304605,42.80206,53.89334,46.10666
CHATTOOGA,870,0,1.913434,0.956717,13.61897,85.42431,14.57569
CHATTOOGA,925,1.156361,2.640231,2.476476,20.42116,77.10237,22.89763
CHATTOOGA,927,0,1.254852,0.627426,7.692308,91.68027,8.319733
CHATTOOGA,940,0.518297,2.403025,1.71981,14.33333,83.94686,16.05314
CHATTOOGA,961,0.182223,0.755875,0.560161,12.76596,86.67388,13.32612
CHATTOOGA,962,0,1.576623,0.788312,8.208955,91.00273,8.997267
CHATTOOGA,968,0.007569,2.429668,1.222404,18.75,80.0276,19.9724
CHATTOOGA,1083,1.478044,3.182717,3.069402,27.02703,69.90357,30.09643
CHATTOOGA,1216,0.037679,1.236287,0.655822,13.43284,85.91134,14.08866
CHATTOOGA,1382,0,2.501375,1.250688,4.166667,94.58265,5.417354
CHATTOOGA,1484,0.226392,2.429668,1.441226,13.46801,85.09076,14.90924
CHATTOOGA,C-968,0,3.268236,1.634118,26.42857,71.93731,28.06269
CHATTOOGA,P-870,0,2.000156,1.000078,11.05991,87.94001,12.05999
CHEROKEE,1,0.071968,3.4945,1.819218,31.51184,66.66894,33.33106
CHEROKEE,2,0,2.987178,1.493589,22.25755,76.24886,23.75114
CHEROKEE,3,0,2.275913,1.137957,13.8166,85.04544,14.95456
CHEROKEE,4,0,2.573546,1.286773,11.71591,86.99731,13.00269
CHEROKEE,5,0.142381,3.313274,1.799018,27.40325,70.79774,29.20226
CHEROKEE,6,0.899932,3.630681,2.715272,42.42879,54.85594,45.14406
CHEROKEE,7,0.269689,3.225757,1.882567,24.98491,73.13252,26.86748
CHEROKEE,8,0.08959,2.81975,1.499465,20.18438,78.31616,21.68384
CHEROKEE,9,0.023665,3.030351,1.53884,20.32132,78.13984,21.86016
CHEROKEE,10,0.36271,3.165111,1.945266,25.39022,72.66452,27.33548
CHEROKEE,11,0.845761,3.595367,2.643444,37.52759,59.82896,40.17104
CHEROKEE,12,0.669368,3.51039,2.424563,36.36364,61.2118,38.7882
CHEROKEE,13,0.134208,2.660373,1.464394,16.43696,82.09865,17.90135
CHEROKEE,14,0,1.570167,0.785084,6.25,92.96492,7.035084
CHEROKEE,15,0.451001,3.465888,2.183945,34.81701,62.99904,37.00096
CHEROKEE,16,0.483755,3.588537,2.278024,34.5723,63.14967,36.85033
CHEROKEE,18,0,2.705892,1.352946,14.99611,83.65094,16.34906
CHEROKEE,19,0.23389,3.304318,1.886049,25.53318,72.58078,27.41922
CHEROKEE,20,0,2.257909,1.128955,11.94497,86.92608,13.07392
CHEROKEE,21,0.045811,3.181422,1.636521,22.58533,75.77815,24.22185
CHEROKEE,22,0.235252,2.734138,1.602321,24.23971,74.15797,25.84203
CHEROKEE,23,0.306319,3.372277,1.992458,29.59302,68.41452,31.58548
CHEROKEE,24,0.542742,3.279639,2.182562,27.47816,70.33928,29.66072
CHEROKEE,26,0.313543,3.529447,2.078266,31.50834,66.41339,33.58661
CHEROKEE,27,0.089549,2.582062,1.380579,16.26016,82.35926,17.64074
CHEROKEE,28,0,2.957722,1.478861,22.46503,76.0561,23.9439
CHEROKEE,29,0.435043,3.071049,1.970568,25.27197,72.75747,27.24253
CHEROKEE,30,0,1.890211,0.945106,8.825787,90.22911,9.770892
CHEROKEE,31,0.535858,2.937382,2.004549,26.88053,71.11492,28.88508
CHEROKEE,32,0.08962,3.349217,1.764228,25.68807,72.5477,27.4523
CHEROKEE,33,0,1.580522,0.790261,11.2782,87.93154,12.06846
CHEROKEE,34,0.04519,3.019667,1.555023,21.43975,77.00523,22.99477
CHEROKEE,35,0,2.262832,1.131416,14.43418,84.4344,15.5656
CHEROKEE,36,0.070613,3.052963,1.597095,22.80595,75.59695,24.40305
CHEROKEE,37,0.262275,3.187546,1.856048,26.3396,71.80436,28.19564
CHEROKEE,38,0,2.527697,1.263849,16.14429,82.59186,17.40814
CHEROKEE,39,0,2.42487,1.212435,17.20873,81.57884,18.42116
CHEROKEE,40,0.098917,3.077692,1.637763,24.12556,74.23668,25.76332
CHEROKEE,41,0,2.974606,1.487303,17.55146,80.96123,19.03877
CHEROKEE,42,0,2.769768,1.384884,21.69146,76.92365,23.07635
CHEROKEE,43,0.256803,3.635595,2.074601,36.1516,61.7738,38.2262
CHEROKEE,44,0.263988,3.56417,2.046073,33.40619,64.54773,35.45227
CLARKE,1A,1.138885,3.340794,2.809282,66.18911,31.00161,68.99839
CLARKE,1B,1.307178,3.0763,2.845328,63.85435,33.30032,66.69968
CLARKE,1C,0.207565,2.57686,1.495995,64.90566,33.59834,66.40166
CLARKE,1D,0.624909,2.963405,2.106611,59.95694,37.93645,62.06355
CLARKE,2A,0.932388,1.992239,1.928508,80.68433,17.38717,82.61283
CLARKE,2B,0.314074,0.76939,0.698769,87.47063,11.8306,88.1694
CLARKE,3A,0.488837,1.053329,1.015501,85.2071,13.7774,86.2226
CLARKE,3B,0.466483,1.107324,1.020145,79.24528,19.73457,80.26543
CLARKE,4A,0.81434,1.994515,1.811598,70.3645,27.8239,72.1761
CLARKE,4B,0.294519,2.026061,1.30755,68.6722,30.02025,69.97975
CLARKE,5A,0.423165,2.654834,1.750582,68.8687,29.38071,70.61929
CLARKE,5B,1.089966,2.730918,2.455425,69.57965,27.96493,72.03507
CLARKE,5C,0.072958,0.747351,0.446633,90.33372,9.21965,90.78035
CLARKE,5D,1.246722,2.687819,2.590632,73.67803,23.73134,76.26866
CLARKE,6A,1.411324,3.516507,3.169578,49.27885,47.55158,52.44842
CLARKE,6B,1.193987,3.09462,2.741297,60.87329,36.38542,63.61458
CLARKE,6C,0.763976,3.28478,2.406366,55.30228,42.29135,57.70865
CLARKE,6D,0.405235,1.759727,1.285099,74.87521,23.83969,76.16031
CLARKE,7A,0.804126,3.069757,2.339004,59.54357,38.11743,61.88257
CLARKE,7B,0.598219,2.972346,2.084392,57.49761,40.418,59.582
CLARKE,7C,0.166938,2.777519,1.555698,61.52242,36.92188,63.07812
CLARKE,8A,0.71331,2.700826,2.063723,69.93318,28.00309,71.99691
CLARKE,8B,0.679296,2.666228,2.01241,71.31012,26.67747,73.32253
CLARKE,8C,0.574161,2.656981,1.902652,70.43633,27.66102,72.33898
CLAY,1,3.283041,3.630916,5.098499,28.57143,66.33007,33.66993
CLAY,2,3.105022,3.242412,4.726228,60.15625,35.11752,64.88248
CLAY,3,2.246794,2.715391,3.60449,70,26.39551,73.60449
CLAY,4,4.474639,3.482912,6.216095,38.51351,55.27039,44.72961
CLAY,5,3.507245,3.529006,5.271748,31.1828,63.54546,36.45454
CLAYTON,EW1,0,0.558772,0.279386,94.97942,4.74119,95.25881
CLAYTON,EW2,0,1.852342,0.926171,93.69963,5.374195,94.6258
CLAYTON,FP1,1.396742,2.48378,2.638633,77.85016,19.5112,80.4888
CLAYTON,FP2,0.580015,1.764426,1.462229,85.93997,12.5978,87.4022
CLAYTON,FP3,1.278194,2.153729,2.355059,78.35951,19.28543,80.71457
CLAYTON,FP4,1.738319,3.211713,3.344176,65.31008,31.34575,68.65425
CLAYTON,FP5,1.114632,2.291417,2.260341,80.29279,17.44687,82.55313
CLAYTON,FP6,2.086234,3.252167,3.712318,62.17391,34.11377,65.88623
CLAYTON,JB01,0,1.013668,0.506834,93.56784,5.925327,94.07467
CLAYTON,JB02,0,0.445276,0.222638,94.21922,5.558143,94.44186
CLAYTON,JB03,0.886707,1.472081,1.622748,83.27273,15.10452,84.89548
CLAYTON,JB04,0.876186,2.262368,2.00737,83.36192,14.63071,85.36929
CLAYTON,JB05,1.329319,2.654239,2.656438,77.86378,19.47978,80.52022
CLAYTON,JB06,2.367572,3.130852,3.932998,49.75075,46.31625,53.68375
CLAYTON,JB07,1.128718,2.17948,2.218457,80.80524,16.9763,83.0237
CLAYTON,JB08,0,0.850194,0.425097,91.50943,8.065469,91.93453
CLAYTON,JB09,0.468508,2.14315,1.540082,87.31563,11.14428,88.85572
CLAYTON,JB10,0.182155,1.256769,0.81054,89.53642,9.653037,90.34696
CLAYTON,JB11,1.152383,1.806647,2.055706,80.08785,17.85645,82.14355
CLAYTON,JB12,0,0.63742,0.31871,93.65798,6.023306,93.97669
CLAYTON,JB13,0.33612,1.303102,0.987671,88.09202,10.92031,89.07969
CLAYTON,JB14,1.586111,2.49593,2.834076,73.32913,23.83679,76.16321
CLAYTON,JB15,0.057371,1.460839,0.78779,90.48295,8.729255,91.27074
CLAYTON,JB16,0.351411,1.956218,1.32952,88.12709,10.54339,89.45661
CLAYTON,JB17,0,0.798592,0.399296,92.32643,7.274273,92.72573
CLAYTON,JB18,0.511865,1.432154,1.227942,86.67335,12.09871,87.90129
CLAYTON,JB19,0,1.852342,0.926171,90.96573,8.108097,91.8919
CLAYTON,LC1,0.652157,1.690723,1.497518,85.51198,12.9905,87.0095
CLAYTON,LJ1,0.416178,1.393968,1.113162,87.583,11.30384,88.69616
CLAYTON,LJ2,0.321667,1.190573,0.916954,88.5,10.58305,89.41695
CLAYTON,LJ3,0.708016,1.51569,1.465861,85.11561,13.41853,86.58147
CLAYTON,LJ4,0,0.957117,0.478558,91.09631,8.425136,91.57486
CLAYTON,LJ5,0,1.189558,0.594779,92.20898,7.196238,92.80376
CLAYTON,LJ6,0,1.249381,0.624691,90.95705,8.418263,91.58174
CLAYTON,LJ7,0.837743,1.220464,1.447974,83.63229,14.91974,85.08026
CLAYTON,MO1,0,1.539652,0.769826,91.46801,7.762169,92.23783
CLAYTON,MO10,3.25497,1.715616,4.112778,62.53521,33.35201,66.64799
CLAYTON,MO11,2.473587,1.889664,3.418419,72.97297,23.60861,76.39139
CLAYTON,MO2,0.871827,3.238329,2.490991,77.43056,20.07845,79.92155
CLAYTON,MO3,0,1.937001,0.9685,90.62769,8.403813,91.59619
CLAYTON,MO4,0.640658,2.391938,1.836627,84.49096,13.67241,86.32759
CLAYTON,MO5,1.530358,1.385476,2.223096,78.68561,19.09129,80.90871
CLAYTON,MO6,0,1.891579,0.945789,92.86328,6.190926,93.80907
CLAYTON,MO7,0.608622,2.497134,1.857189,84.76821,13.3746,86.6254
CLAYTON,MO8,1.140651,0.790127,1.535715,82.63736,15.82692,84.17308
CLAYTON,MO9,0.321409,1.752784,1.197801,88.4253,10.3769,89.6231
CLAYTON,OAK1,0,0.389943,0.194971,96.77852,3.026505,96.97349
CLAYTON,OAK2,0,0.794656,0.397328,94.1704,5.432269,94.56773
CLAYTON,OAK3,0,0.62593,0.312965,95.47445,4.212582,95.78742
CLAYTON,OAK4,0,0.439636,0.219818,95,4.780182,95.21982
CLAYTON,OAK5,0,0.562541,0.281271,94.2029,5.515831,94.48417
CLAYTON,PH1,0.041754,0.981984,0.532746,90.3169,9.150353,90.84965
CLAYTON,PH2,1.136778,2.251148,2.262352,80.31954,17.41811,82.58189
CLAYTON,RD01,0,0.606554,0.303277,93.39408,6.302645,93.69735
CLAYTON,RD02,0,0.629535,0.314767,94.59746,5.087775,94.91223
CLAYTON,RD03,0,0.473095,0.236547,95.35902,4.404433,95.59557
CLAYTON,RD04,0.130478,1.499728,0.880342,89.57746,9.542193,90.45781
CLAYTON,RD05,0,1.059145,0.529572,92.53731,6.933114,93.06689
CLAYTON,RD06,0.508415,1.958455,1.487642,86.99301,11.51935,88.48065
CLAYTON,RD07,0.908861,1.553414,1.685568,83.58714,14.72729,85.27271
CLAYTON,RD08,0.005357,0.955482,0.483098,90.74074,8.776162,91.22384
CLAYTON,RD09,0.133554,1.458159,0.862633,88.97436,10.16301,89.83699
CLAYTON,RD10,0,0.302515,0.151257,96.39769,3.451048,96.54895
CLAYTON,RD11,0,0.797477,0.398738,95.21605,4.385212,95.61479
CLAYTON,RD12,0,0.822954,0.411477,95.12195,4.466572,95.53343
CLINCH,AB,0.542021,2.429668,1.756855,15.38462,82.85853,17.14147
CLINCH,AG,1.596719,1.805817,2.499627,11.01695,86.48342,13.51658
CLINCH,D,2.238123,2.771024,3.623635,16.88312,79.49325,20.50675
CLINCH,F,0.80951,2.015374,1.817197,26.08696,72.09585,27.90415
CLINCH,H,3.109957,1.447988,3.83395,21.02147,75.14458,24.85542
COBB,AC1A,1.277016,3.621856,3.087944,44.51948,52.39258,47.60742
COBB,AC1B,1.235364,3.59538,3.033054,41.8106,55.15634,44.84366
COBB,AC1C,1.592547,3.167169,3.176131,61.26482,35.55905,64.44095
COBB,AD01,0.570496,3.631872,2.386432,47.49642,50.11714,49.88286
COBB,AU1A,0.848971,2.268942,1.983442,82.9393,15.07726,84.92274
COBB,BF02,0.802734,3.628413,2.61694,45.64984,51.73322,48.26678
COBB,BF03,0.827927,3.564926,2.61039,49.12,48.26961,51.73039
COBB,BF04,0.626608,3.626911,2.440063,42.65669,54.90325,45.09675
COBB,BG01,0.890051,3.575084,2.677592,45.6621,51.66031,48.33969
COBB,BG02,1.009472,3.634937,2.826941,45.1489,52.02416,47.97584
COBB,BK01,1.278427,3.370811,2.963833,59.375,37.66117,62.33883
COBB,BR01,1.41432,3.435806,3.132223,66.47727,30.3905,69.6095
COBB,BR02,1.232144,3.210332,2.83731,69.14644,28.01625,71.98375
COBB,BT01,0,0.618066,0.309033,93.96783,5.723139,94.27686
COBB,BT02,0,0.685275,0.342637,93.34179,6.315574,93.68443
COBB,BW01,1.005915,3.462021,2.736925,45.89552,51.36755,48.63245
COBB,CA01,0.918932,2.322992,2.080428,73.98417,23.9354,76.0646
COBB,CH02,0.88327,3.600593,2.683566,35.48983,61.8266,38.1734
COBB,CH03,1.142338,3.621474,2.953075,47.33766,49.70926,50.29074
COBB,CK01,1.204013,3.541237,2.974631,64.5584,32.46696,67.53304
COBB,CL01,1.62705,3.512532,3.383316,61.77024,34.84644,65.15356
COBB,CL02,1.537351,2.959736,3.01722,73.1905,23.79228,76.20772
COBB,CO01,1.094643,2.402051,2.295669,80.20766,17.49667,82.50333
COBB,CR01,0.207862,3.565772,1.990748,36.63265,61.3766,38.6234
COBB,DC01,0.164375,3.618719,1.973735,37.62376,60.4025,39.5975
COBB,DI01,1.130169,2.854441,2.55739,75.72464,21.71797,78.28203
COBB,DI02,1.162723,2.416573,2.371009,74.24779,23.3812,76.6188
COBB,DL01,1.321318,3.559534,3.101085,50.93168,45.96724,54.03276
COBB,DO01,0.24655,3.605868,2.049483,40.25357,57.69695,42.30305
COBB,DU01,0.768548,3.390896,2.463996,27.47312,70.06289,29.93711
COBB,DV01,0.352557,3.614127,2.159621,45.2381,52.60228,47.39772
COBB,EA01,0.088383,3.634282,1.905524,37.95782,60.13665,39.86335
COBB,EA02,0.358801,3.625627,2.171614,39.41423,58.41416,41.58584
COBB,EL01,1.091372,2.936063,2.559403,71.32867,26.11193,73.88807
COBB,EL02,0.614233,3.551147,2.389807,45.19369,52.41651,47.58349
COBB,EL03,0.445393,3.591909,2.241347,45.42125,52.33741,47.66259
COBB,EL04,0.907837,3.461429,2.638552,63.99457,33.36688,66.63312
COBB,EL05,0.47277,3.60379,2.274665,44.34994,53.3754,46.6246
COBB,EP01,1.276172,3.561739,3.057041,56.88456,40.0584,59.9416
COBB,FO02,1.251134,3.105602,2.803934,73.55769,23.63837,76.36163
COBB,FO04,1.426232,3.264378,3.058421,68.61082,28.33076,71.66924
COBB,FP01,0.459009,3.631533,2.274775,40.61303,57.1122,42.8878
COBB,FR01,0.812992,3.461695,2.543839,26.88253,70.57363,29.42637
COBB,FY01,0.955801,3.425341,2.668471,28.89667,68.43486,31.56514
COBB,GM01,0.358555,3.635101,2.176105,40.62827,57.19562,42.80438
COBB,GT01,0.701604,3.619216,2.511212,41.40351,56.08528,43.91472
COBB,HL01,0.601951,1.567723,1.385813,85.35088,13.26331,86.73669
COBB,HR01,0.56021,3.202885,2.161652,27.29529,70.54306,29.45694
COBB,HT01,0.177665,3.632665,1.993998,39.44805,58.55795,41.44205
COBB,HY01,0.865931,3.47163,2.601746,30.16796,67.2303,32.7697
COBB,KE1A,1.117128,3.633847,2.934052,55.13158,41.93437,58.06563
COBB,KE2A,1.043236,3.633663,2.860067,45.53292,51.60702,48.39298
COBB,KE3A,1.464841,3.295315,3.112498,59.6929,37.1946,62.8054
COBB,KE4A,1.0135,3.633964,2.830482,47.28745,49.88207,50.11793
COBB,KE5A,1.300795,3.462013,3.031801,53.00926,43.95894,56.04106
COBB,KL01,0.307571,3.632851,2.123996,38.80597,59.07003,40.92997
COBB,KP01,0.376006,3.348164,2.050088,29.69871,68.2512,31.7488
COBB,KP02,1.08061,3.596744,2.878982,41.22563,55.89539,44.10461
COBB,KP03,0.702109,3.189819,2.297018,26.49465,71.20833,28.79167
COBB,LA01,0.469537,3.624928,2.282001,39.76411,57.95389,42.04611
COBB,LI01,0.938592,1.876615,1.8769,79.30649,18.81661,81.18339
COBB,LM01,1.196407,3.59917,2.995992,34.59863,62.40538,37.59462
COBB,LM02,0.54123,3.377124,2.229792,28.41782,69.35239,30.64761
COBB,LM03,1.406477,3.522509,3.167732,32.48509,64.34718,35.65282
COBB,LM04,1.024089,3.519755,2.783967,32.81393,64.4021,35.5979
COBB,MA01,1.474941,3.051156,3.000519,70.09744,26.90204,73.09796
COBB,MA02,1.425416,3.017376,2.934104,73.60097,23.46492,76.53508
COBB,MA03,1.246436,3.537346,3.015109,57.9288,39.05609,60.94391
COBB,MA04,0.864478,3.489959,2.609458,56.778,40.61255,59.38745
COBB,MB01,0.146761,3.481662,1.887592,34.11552,63.99688,36.00312
COBB,MC01,1.47311,2.662113,2.804166,73.62339,23.57245,76.42755
COBB,MD01,0.223344,3.617801,2.032244,41.76672,56.20103,43.79897
COBB,ME01,1.826635,3.453752,3.553511,60.77554,35.67095,64.32905
COBB,MK01,0.538795,3.625248,2.351419,35.00931,62.63927,37.36073
COBB,ML01,0.850536,3.554388,2.62773,31.05939,66.31288,33.68712
COBB,MR1A,1.271721,3.037622,2.790532,68.77432,28.43515,71.56485
COBB,MR2A,0.614081,3.496995,2.362579,44.56355,53.07387,46.92613
COBB,MR2B,1.595234,3.543561,3.367014,62.39003,34.24296,65.75704
COBB,MR3A,1.170024,3.339443,2.839745,52.10022,45.06003,54.93997
COBB,MR3B,0.806125,3.024767,2.318508,83.19185,14.48964,85.51036
COBB,MR4A,0.057212,3.300041,1.707233,31.39746,66.89531,33.10469
COBB,MR4B,0.62412,3.596024,2.422132,54.23453,43.34334,56.65666
COBB,MR4C,0.91798,3.507359,2.67166,33.17121,64.15713,35.84287
COBB,MR5A,1.406731,3.041754,2.927608,70.02427,27.04812,72.95188
COBB,MR5B,0.966608,2.482607,2.207911,78.96296,18.82913,81.17087
COBB,MR6A,0.997149,2.672285,2.333291,76.65706,21.00965,78.99035
COBB,MR6B,1.003112,3.476727,2.741476,52.33442,44.92411,55.07589
COBB,MR7A,0.758401,2.121336,1.819069,83.37054,14.8104,85.1896
COBB,MS01,0.508415,3.086029,2.05143,20.44798,77.50059,22.49941
COBB,MS02,0.90977,3.630944,2.725242,41.10429,56.17046,43.82954
COBB,MT01,0.095993,3.625954,1.908969,36.72131,61.36972,38.63028
COBB,MT03,0.256624,3.63523,2.074239,40.19608,57.72968,42.27032
COBB,MT04,0.131828,3.560891,1.912273,34.69852,63.38921,36.61079
COBB,NC01,1.122616,3.620794,2.933013,51.92802,45.13897,54.86103
COBB,NJ01,1.03602,2.154408,2.113224,76.28169,21.60509,78.39491
COBB,NP01,1.298139,3.516833,3.056556,60.80645,36.13699,63.86301
COBB,NS01,0.548491,3.619506,2.358243,44.8227,52.81906,47.18094
COBB,OK01,1.070174,3.360256,2.750302,61.12431,36.12539,63.87461
COBB,OR01,1.118137,3.484842,2.860558,37.89809,59.24135,40.75865
COBB,OR02,1.12686,2.789503,2.521611,76.6401,20.83829,79.16171
COBB,OR03,1.188733,3.066145,2.721805,74.09091,23.18729,76.81271
COBB,OR04,1.550499,2.782413,2.941706,69.73875,27.31954,72.68046
COBB,OR05,1.589333,3.337064,3.257865,60.62005,36.12208,63.87792
COBB,PE01,0.876873,2.117435,1.935591,82.92063,15.14377,84.85623
COBB,PF01,0.517671,3.619342,2.327342,48.77551,48.89715,51.10285
COBB,PM01,0.759767,3.45288,2.486207,30.42538,67.08841,32.91159
COBB,PM02,0.489291,3.135116,2.056849,26.54639,71.39676,28.60324
COBB,PO01,0.225632,3.61091,2.031086,34.9718,62.99712,37.00288
COBB,PP01,0.447187,3.627872,2.261124,36.99809,60.74079,39.25921
COBB,PR01,0.755938,3.617616,2.564746,40.99154,56.44372,43.55628
COBB,PS1A,1.635198,2.725029,2.997712,70.6138,26.38849,73.61151
COBB,PS2A,1.024763,2.475384,2.262455,80.67299,17.06455,82.93545
COBB,PS3A,1.36245,2.890201,2.80755,74.8974,22.29505,77.70495
COBB,PT01,0.838305,3.635203,2.655906,42.1646,55.17949,44.82051
COBB,RM01,0.508208,3.635661,2.326039,38.31041,59.36355,40.63645
COBB,RS01,0,1.195281,0.597641,91.84466,7.557699,92.4423
COBB,RW01,0.162853,3.635709,1.980708,35.91463,62.10466,37.89534
COBB,RW02,0.177713,3.635611,1.995519,36.88679,61.11769,38.88231
COBB,SA01,0.470734,3.601258,2.271363,47.5761,50.15254,49.84746
COBB,SF01,0.331384,3.625807,2.144288,37.21154,60.64417,39.35583
COBB,SI01,0.23405,3.625344,2.046722,43.9577,53.99557,46.00443
COBB,SM01,0.406189,3.62909,2.220733,45.41154,52.36772,47.63228
COBB,SM03,1.070419,3.608984,2.874911,62.90727,34.21782,65.78218
COBB,SN1A,0.870689,2.563593,2.152485,79.45736,18.39015,81.60985
COBB,SN2A,0.979076,2.574712,2.266433,75.65982,22.07374,77.92626
COBB,SN3A,1.24052,2.783812,2.632426,67.02485,30.34272,69.65728
COBB,SN3B,1.04335,3.309321,2.69801,55.98592,41.31607,58.68393
COBB,SN4A,1.08549,3.431609,2.801295,56.07575,41.12296,58.87704
COBB,SN5A,1.09407,2.916176,2.552158,69.63216,27.81568,72.18432
COBB,SN6A,1.072964,3.425564,2.785746,59.04472,38.16954,61.83046
COBB,SN7A,1.138401,2.572888,2.424845,70.58824,26.98692,73.01308
COBB,SO01,0.317129,3.603841,2.119049,38.58785,59.2931,40.7069
COBB,SO02,0.838502,3.614434,2.645719,47.52877,49.82551,50.17449
COBB,SO03,0.325939,3.571233,2.111556,41.11732,56.77113,43.22887
COBB,SW01,1.89039,3.374096,3.577438,62.48912,33.93344,66.06656
COBB,SW02,1.102416,2.749629,2.47723,79.10256,18.42021,81.57979
COBB,TM01,1.219435,3.241028,2.839949,70.18717,26.97289,73.02711
COBB,TR01,0.065362,3.635284,1.883004,39.60265,58.51435,41.48565
COBB,VA01,0.740219,3.499147,2.489792,29.08546,68.42475,31.57525
COBB,VG01,0.746858,3.180251,2.336983,72.84314,24.81988,75.18012
COBB,VG02,1.040869,3.295604,2.688671,67.40933,29.902,70.098
COBB,VG03,1.234176,3.142366,2.805359,66.03028,31.16436,68.83564
COBB,VG04,1.058237,3.588762,2.852618,52.21878,44.9286,55.0714
